Category: All categories

Day,Ben&Ben: (Philippines)
2022-05-27,42
2022-05-28,33
2022-05-29,100
2022-05-30,45
2022-05-31,47
2022-06-01,35
2022-06-02,47
2022-06-03,33
2022-06-04,43
2022-06-05,42
2022-06-06,36
2022-06-07,32
2022-06-08,27
2022-06-09,46
2022-06-10,55
2022-06-11,65
2022-06-12,63
2022-06-13,49
2022-06-14,41
2022-06-15,49
2022-06-16,44
2022-06-17,62
2022-06-18,49
2022-06-19,53
2022-06-20,38
2022-06-21,46
2022-06-22,61
2022-06-23,35
2022-06-24,45
2022-06-25,35
2022-06-26,45
2022-06-27,43
2022-06-28,34
2022-06-29,52
2022-06-30,53
2022-07-01,37
2022-07-02,65
2022-07-03,47
2022-07-04,39
2022-07-05,43
2022-07-06,23
2022-07-07,43
2022-07-08,40
2022-07-09,81
2022-07-10,58
2022-07-11,33
2022-07-12,30
2022-07-13,48
2022-07-14,32
2022-07-15,39
2022-07-16,55
2022-07-17,56
2022-07-18,35
2022-07-19,34
2022-07-20,42
2022-07-21,33
2022-07-22,41
2022-07-23,21
2022-07-24,37
2022-07-25,29
2022-07-26,36
2022-07-27,40
2022-07-28,37
2022-07-29,37
2022-07-30,54
2022-07-31,35
2022-08-01,34
2022-08-02,32
2022-08-03,35
2022-08-04,34
