Category: All categories

Day,Troye Sivan: (Philippines)
2022-05-27,47
2022-05-28,44
2022-05-29,20
2022-05-30,47
2022-05-31,42
2022-06-01,38
2022-06-02,27
2022-06-03,20
2022-06-04,57
2022-06-05,74
2022-06-06,45
2022-06-07,33
2022-06-08,88
2022-06-09,26
2022-06-10,30
2022-06-11,42
2022-06-12,30
2022-06-13,46
2022-06-14,26
2022-06-15,28
2022-06-16,17
2022-06-17,42
2022-06-18,59
2022-06-19,40
2022-06-20,24
2022-06-21,27
2022-06-22,30
2022-06-23,15
2022-06-24,40
2022-06-25,0
2022-06-26,51
2022-06-27,28
2022-06-28,47
2022-06-29,47
2022-06-30,32
2022-07-01,43
2022-07-02,40
2022-07-03,100
2022-07-04,54
2022-07-05,31
2022-07-06,56
2022-07-07,42
2022-07-08,36
2022-07-09,34
2022-07-10,32
2022-07-11,47
2022-07-12,33
2022-07-13,16
2022-07-14,20
2022-07-15,23
2022-07-16,51
2022-07-17,22
2022-07-18,42
2022-07-19,40
2022-07-20,18
2022-07-21,73
2022-07-22,21
2022-07-23,14
2022-07-24,31
2022-07-25,35
2022-07-26,29
2022-07-27,12
2022-07-28,34
2022-07-29,41
2022-07-30,0
2022-07-31,30
2022-08-01,23
2022-08-02,42
2022-08-03,52
2022-08-04,39
